% Auto-generated by scripts/cross_domain_analysis.py
\begin{table}[t]
\centering
\small
\caption{Cross-category team-uplift correlation. Entries show Pearson $r$ of mean team uplift across models. Bold = $|r| > 0.5$. Categories sorted by mean uplift descending.}
\begin{tabular}{lrrrrrrrrrrrrrrrrrrrrrrrr}
\toprule
 & \rotatebox{60}{DS} & \rotatebox{60}{ML} & \rotatebox{60}{POL} & \rotatebox{60}{GH} & \rotatebox{60}{MULTI} & \rotatebox{60}{DIST} & \rotatebox{60}{CR} & \rotatebox{60}{TEST} & \rotatebox{60}{LH} & \rotatebox{60}{SPEC} & \rotatebox{60}{IR} & \rotatebox{60}{OPS} & \rotatebox{60}{TRAP} & \rotatebox{60}{NEG} & \rotatebox{60}{SEC} & \rotatebox{60}{CROSS} & \rotatebox{60}{PIPE} & \rotatebox{60}{INC} & \rotatebox{60}{DATA} & \rotatebox{60}{SWE} & \rotatebox{60}{INT} & \rotatebox{60}{DB} & \rotatebox{60}{DEVOPS} & \rotatebox{60}{API} \\
\midrule
DS* & 1.00 & тАФ & тАФ & тАФ & тАФ & тАФ & тАФ & тАФ & тАФ & тАФ & тАФ & тАФ & тАФ & тАФ & тАФ & тАФ & тАФ & тАФ & тАФ & тАФ & тАФ & тАФ & тАФ & тАФ \\
ML & тАФ & 1.00 & тАФ & тАФ & тАФ & тАФ & тАФ & тАФ & тАФ & тАФ & тАФ & тАФ & тАФ & тАФ & тАФ & тАФ & тАФ & тАФ & тАФ & тАФ & тАФ & тАФ & тАФ & тАФ \\
POL & тАФ & тАФ & 1.00 & \textbf{-0.99} & +0.08 & +0.14 & -0.01 & +0.46 & тАФ & +0.35 & -0.07 & +0.18 & +0.16 & +0.33 & +0.21 & -0.25 & +0.26 & +0.38 & +0.16 & \textbf{+0.53} & тАФ & тАФ & тАФ & тАФ \\
GH & тАФ & тАФ & \textbf{-0.99} & 1.00 & \textbf{-0.86} & +0.37 & +0.39 & \textbf{+0.68} & тАФ & -0.35 & \textbf{-0.86} & -0.39 & \textbf{-0.96} & \textbf{+0.54} & \textbf{+0.77} & \textbf{+0.53} & \textbf{-0.94} & \textbf{-0.82} & \textbf{+0.83} & тАФ & тАФ & тАФ & тАФ & тАФ \\
MULTI & тАФ & тАФ & +0.08 & \textbf{-0.86} & 1.00 & -0.03 & +0.19 & +0.31 & тАФ & +0.20 & -0.26 & -0.08 & +0.24 & +0.23 & -0.15 & +0.01 & -0.13 & +0.08 & -0.15 & \textbf{-0.89} & тАФ & тАФ & тАФ & тАФ \\
DIST & тАФ & тАФ & +0.14 & +0.37 & -0.03 & 1.00 & +0.39 & +0.34 & тАФ & -0.38 & +0.26 & \textbf{+0.53} & +0.14 & +0.27 & +0.31 & +0.22 & +0.23 & +0.38 & \textbf{+0.54} & \textbf{+0.93} & тАФ & тАФ & тАФ & тАФ \\
CR & тАФ & тАФ & -0.01 & +0.39 & +0.19 & +0.39 & 1.00 & +0.42 & тАФ & -0.29 & +0.09 & -0.03 & +0.29 & +0.41 & \textbf{+0.56} & \textbf{+0.58} & +0.12 & +0.31 & +0.28 & \textbf{+0.81} & тАФ & тАФ & тАФ & тАФ \\
TEST & тАФ & тАФ & +0.46 & \textbf{+0.68} & +0.31 & +0.34 & +0.42 & 1.00 & тАФ & +0.27 & +0.02 & +0.30 & \textbf{+0.52} & \textbf{+0.52} & +0.46 & +0.01 & +0.47 & \textbf{+0.76} & +0.37 & \textbf{-0.70} & тАФ & тАФ & тАФ & тАФ \\
LH & тАФ & тАФ & тАФ & тАФ & тАФ & тАФ & тАФ & тАФ & 1.00 & тАФ & тАФ & тАФ & тАФ & тАФ & тАФ & тАФ & тАФ & тАФ & тАФ & тАФ & тАФ & тАФ & тАФ & тАФ \\
SPEC & тАФ & тАФ & +0.35 & -0.35 & +0.20 & -0.38 & -0.29 & +0.27 & тАФ & 1.00 & -0.27 & +0.04 & +0.36 & -0.22 & +0.16 & -0.19 & +0.16 & +0.04 & +0.10 & \textbf{-0.91} & тАФ & тАФ & тАФ & тАФ \\
IR & тАФ & тАФ & -0.07 & \textbf{-0.86} & -0.26 & +0.26 & +0.09 & +0.02 & тАФ & -0.27 & 1.00 & +0.26 & +0.24 & -0.10 & +0.01 & -0.03 & +0.32 & +0.26 & +0.22 & \textbf{+0.89} & тАФ & тАФ & тАФ & тАФ \\
OPS & тАФ & тАФ & +0.18 & -0.39 & -0.08 & \textbf{+0.53} & -0.03 & +0.30 & тАФ & +0.04 & +0.26 & 1.00 & +0.45 & +0.04 & -0.01 & -0.09 & +0.28 & +0.32 & +0.28 & \textbf{+0.85} & тАФ & тАФ & тАФ & тАФ \\
TRAP & тАФ & тАФ & +0.16 & \textbf{-0.96} & +0.24 & +0.14 & +0.29 & \textbf{+0.52} & тАФ & +0.36 & +0.24 & +0.45 & 1.00 & +0.40 & +0.30 & +0.05 & +0.46 & +0.37 & +0.38 & \textbf{+0.96} & тАФ & тАФ & тАФ & тАФ \\
NEG & тАФ & тАФ & +0.33 & \textbf{+0.54} & +0.23 & +0.27 & +0.41 & \textbf{+0.52} & тАФ & -0.22 & -0.10 & +0.04 & +0.40 & 1.00 & +0.11 & -0.12 & +0.10 & +0.21 & +0.12 & \textbf{+0.66} & тАФ & тАФ & тАФ & тАФ \\
SEC & тАФ & тАФ & +0.21 & \textbf{+0.77} & -0.15 & +0.31 & \textbf{+0.56} & +0.46 & тАФ & +0.16 & +0.01 & -0.01 & +0.30 & +0.11 & 1.00 & \textbf{+0.71} & +0.16 & +0.43 & \textbf{+0.72} & \textbf{+0.56} & тАФ & тАФ & тАФ & тАФ \\
CROSS & тАФ & тАФ & -0.25 & \textbf{+0.53} & +0.01 & +0.22 & \textbf{+0.58} & +0.01 & тАФ & -0.19 & -0.03 & -0.09 & +0.05 & -0.12 & \textbf{+0.71} & 1.00 & -0.22 & +0.13 & +0.28 & \textbf{+0.99} & тАФ & тАФ & тАФ & тАФ \\
PIPE & тАФ & тАФ & +0.26 & \textbf{-0.94} & -0.13 & +0.23 & +0.12 & +0.47 & тАФ & +0.16 & +0.32 & +0.28 & +0.46 & +0.10 & +0.16 & -0.22 & 1.00 & \textbf{+0.65} & +0.18 & \textbf{+0.79} & тАФ & тАФ & тАФ & тАФ \\
INC & тАФ & тАФ & +0.38 & \textbf{-0.82} & +0.08 & +0.38 & +0.31 & \textbf{+0.76} & тАФ & +0.04 & +0.26 & +0.32 & +0.37 & +0.21 & +0.43 & +0.13 & \textbf{+0.65} & 1.00 & +0.30 & \textbf{+1.00} & тАФ & тАФ & тАФ & тАФ \\
DATA & тАФ & тАФ & +0.16 & \textbf{+0.83} & -0.15 & \textbf{+0.54} & +0.28 & +0.37 & тАФ & +0.10 & +0.22 & +0.28 & +0.38 & +0.12 & \textbf{+0.72} & +0.28 & +0.18 & +0.30 & 1.00 & +0.39 & тАФ & тАФ & тАФ & тАФ \\
SWE & тАФ & тАФ & \textbf{+0.53} & тАФ & \textbf{-0.89} & \textbf{+0.93} & \textbf{+0.81} & \textbf{-0.70} & тАФ & \textbf{-0.91} & \textbf{+0.89} & \textbf{+0.85} & \textbf{+0.96} & \textbf{+0.66} & \textbf{+0.56} & \textbf{+0.99} & \textbf{+0.79} & \textbf{+1.00} & +0.39 & 1.00 & тАФ & тАФ & тАФ & тАФ \\
INTтАа & тАФ & тАФ & тАФ & тАФ & тАФ & тАФ & тАФ & тАФ & тАФ & тАФ & тАФ & тАФ & тАФ & тАФ & тАФ & тАФ & тАФ & тАФ & тАФ & тАФ & 1.00 & тАФ & тАФ & тАФ \\
DBтАа & тАФ & тАФ & тАФ & тАФ & тАФ & тАФ & тАФ & тАФ & тАФ & тАФ & тАФ & тАФ & тАФ & тАФ & тАФ & тАФ & тАФ & тАФ & тАФ & тАФ & тАФ & 1.00 & тАФ & тАФ \\
DEVOPSтАа & тАФ & тАФ & тАФ & тАФ & тАФ & тАФ & тАФ & тАФ & тАФ & тАФ & тАФ & тАФ & тАФ & тАФ & тАФ & тАФ & тАФ & тАФ & тАФ & тАФ & тАФ & тАФ & 1.00 & тАФ \\
APIтАа & тАФ & тАФ & тАФ & тАФ & тАФ & тАФ & тАФ & тАФ & тАФ & тАФ & тАФ & тАФ & тАФ & тАФ & тАФ & тАФ & тАФ & тАФ & тАФ & тАФ & тАФ & тАФ & тАФ & 1.00 \\
\bottomrule
\multicolumn{25}{l}{\footnotesize $^*$team-positive ($\uparrow>0.05$); $^\dagger$team-negative ($\downarrow<-0.05$)}
\end{tabular}
\end{table}
