"""
Parameterized generator for GH957_scipy_20272.

Source PR:    https://github.com/scipy/scipy/pull/20272
Source Issue: N/A

Seed varies: renames 'already_factorized' identifier with suffix across seeds.

Bug: pre-PR state of workspace files contains the bug the PR fixes.
Fix: agent must replicate the PR's changes guided by spec.md.
"""
from __future__ import annotations

import os
from generators.base import TaskGenerator, GeneratedTask


class Generator(TaskGenerator):
    task_id = 'GH957_scipy_20272'
    domain = "Real-World GitHub"
    difficulty = "medium"
    languages = ["python"]

    def generate(self, seed: int) -> GeneratedTask:
        tasks_dir = os.path.join(
            os.path.dirname(__file__), "..", "tasks", 'GH957_scipy_20272'
        )
        with open(os.path.join(tasks_dir, "spec.md")) as f:
            spec_md = f.read()
        with open(os.path.join(tasks_dir, "brief.md")) as f:
            brief_md = f.read()

        files = self._base_workspace()
        # Apply seed-based renaming to prevent direct memorization
        suffixes = ["", "_alt", "_impl"]
        suffix = suffixes[seed % len(suffixes)]
        if suffix:
            for fpath in list(files.keys()):
                files[fpath] = files[fpath].replace('already_factorized', 'already_factorized' + suffix)
        # Deep parameterization — consistent cross-seed variation
        from generators.gh_deep_param import deep_rename_symbols, add_realistic_noise
        files = deep_rename_symbols(files, seed, strategy="mixed")
        files = add_realistic_noise(files, seed, noise_level=0.15)
        return GeneratedTask(
            task_id='GH957_scipy_20272',
            seed=seed,
            spec_md=spec_md,
            brief_md=brief_md,
            expected={
                "seed": seed,
                "repo": 'scipy/scipy',
                "pr_number": 20272,
                "bug_fixed": True,
            },
            workspace_files=files,
            metadata={
                "difficulty": "medium",
                "category": "Real-World GitHub",
                "source_pr": "https://github.com/scipy/scipy/pull/20272",
            },
        )

    def _base_workspace(self) -> dict[str, str]:
        """Return the pre-PR (buggy) workspace files."""
        return {
            'scipy/optimize/_trustregion_exact.py': '"""Nearly exact trust-region optimization subproblem."""\nimport numpy as np\nfrom scipy.linalg import (norm, get_lapack_funcs, solve_triangular,\n                          cho_solve)\nfrom ._trustregion import (_minimize_trust_region, BaseQuadraticSubproblem)\n\n__all__ = [\'_minimize_trustregion_exact\',\n           \'estimate_smallest_singular_value\',\n           \'singular_leading_submatrix\',\n           \'IterativeSubproblem\']\n\n\ndef _minimize_trustregion_exact(fun, x0, args=(), jac=None, hess=None,\n                                **trust_region_options):\n    """\n    Minimization of scalar function of one or more variables using\n    a nearly exact trust-region algorithm.\n\n    Options\n    -------\n    initial_trust_radius : float\n        Initial trust-region radius.\n    max_trust_radius : float\n        Maximum value of the trust-region radius. No steps that are longer\n        than this value will be proposed.\n    eta : float\n        Trust region related acceptance stringency for proposed steps.\n    gtol : float\n        Gradient norm must be less than ``gtol`` before successful\n        termination.\n    subproblem_maxiter : int, optional\n        Maximum number of iterations to perform per subproblem. Only affects\n        trust-exact. Default is 25.\n\n        .. versionadded:: 1.17.0\n    """\n    if jac is None:\n        raise ValueError(\'Jacobian is required for trust region \'\n                         \'exact minimization.\')\n    if not callable(hess):\n        raise ValueError(\'Hessian matrix is required for trust region \'\n                         \'exact minimization.\')\n    return _minimize_trust_region(fun, x0, args=args, jac=jac, hess=hess,\n                                  subproblem=IterativeSubproblem,\n                                  **trust_region_options)\n\n\ndef estimate_smallest_singular_value(U):\n    """Given upper triangular matrix ``U`` estimate the smallest singular\n    value and the correspondent right singular vector in O(n**2) operations.\n\n    Parameters\n    ----------\n    U : ndarray\n        Square upper triangular matrix.\n\n    Returns\n    -------\n    s_min : float\n        Estimated smallest singular value of the provided matrix.\n    z_min : ndarray\n        Estimated right singular vector.\n\n    Notes\n    -----\n    The procedure is based on [1]_ and is done in two steps. First, it finds\n    a vector ``e`` with components selected from {+1, -1} such that the\n    solution ``w`` from the system ``U.T w = e`` is as large as possible.\n    Next it estimate ``U v = w``. The smallest singular value is close\n    to ``norm(w)/norm(v)`` and the right singular vector is close\n    to ``v/norm(v)``.\n\n    The estimation will be better more ill-conditioned is the matrix.\n\n    References\n    ----------\n    .. [1] Cline, A. K., Moler, C. B., Stewart, G. W., Wilkinson, J. H.\n           An estimate for the condition number of a matrix.  1979.\n           SIAM Journal on Numerical Analysis, 16(2), 368-375.\n    """\n\n    U = np.atleast_2d(U)\n    m, n = U.shape\n\n    if m != n:\n        raise ValueError("A square triangular matrix should be provided.")\n\n    # A vector `e` with components selected from {+1, -1}\n    # is selected so that the solution `w` to the system\n    # `U.T w = e` is as large as possible. Implementation\n    # based on algorithm 3.5.1, p. 142, from reference [2]\n    # adapted for lower triangular matrix.\n\n    p = np.zeros(n)\n    w = np.empty(n)\n\n    # Implemented according to:  Golub, G. H., Van Loan, C. F. (2013).\n    # "Matrix computations". Forth Edition. JHU press. pp. 140-142.\n    for k in range(n):\n        wp = (1-p[k]) / U.T[k, k]\n        wm = (-1-p[k]) / U.T[k, k]\n        pp = p[k+1:] + U.T[k+1:, k]*wp\n        pm = p[k+1:] + U.T[k+1:, k]*wm\n\n        if abs(wp) + norm(pp, 1) >= abs(wm) + norm(pm, 1):\n            w[k] = wp\n            p[k+1:] = pp\n        else:\n            w[k] = wm\n            p[k+1:] = pm\n\n    # The system `U v = w` is solved using backward substitution.\n    v = solve_triangular(U, w)\n\n    v_norm = norm(v)\n    w_norm = norm(w)\n\n    # Smallest singular value\n    s_min = w_norm / v_norm\n\n    # Associated vector\n    z_min = v / v_norm\n\n    return s_min, z_min\n\n\ndef gershgorin_bounds(H):\n    """\n    Given a square matrix ``H`` compute upper\n    and lower bounds for its eigenvalues (Gregoshgorin Bounds).\n    Defined ref. [1].\n\n    References\n    ----------\n    .. [1] Conn, A. R., Gould, N. I., & Toint, P. L.\n           Trust region methods. 2000. Siam. pp. 19.\n    """\n\n    H_diag = np.diag(H)\n    H_diag_abs = np.abs(H_diag)\n    H_row_sums = np.sum(np.abs(H), axis=1)\n    lb = np.min(H_diag + H_diag_abs - H_row_sums)\n    ub = np.max(H_diag - H_diag_abs + H_row_sums)\n\n    return lb, ub\n\n\ndef singular_leading_submatrix(A, U, k):\n    """\n    Compute term that makes the leading ``k`` by ``k``\n    submatrix from ``A`` singular.\n\n    Parameters\n    ----------\n    A : ndarray\n        Symmetric matrix that is not positive definite.\n    U : ndarray\n        Upper triangular matrix resulting of an incomplete\n        Cholesky decomposition of matrix ``A``.\n    k : int\n        Positive integer such that the leading k by k submatrix from\n        `A` is the first non-positive definite leading submatrix.\n\n    Returns\n    -------\n    delta : float\n        Amount that should be added to the element (k, k) of the\n        leading k by k submatrix of ``A`` to make it singular.\n    v : ndarray\n        A vector such that ``v.T B v = 0``. Where B is the matrix A after\n        ``delta`` is added to its element (k, k).\n    """\n\n    # Compute delta\n    delta = np.sum(U[:k-1, k-1]**2) - A[k-1, k-1]\n\n    n = len(A)\n\n    # Initialize v\n    v = np.zeros(n)\n    v[k-1] = 1\n\n    # Compute the remaining values of v by solving a triangular system.\n    if k != 1:\n        v[:k-1] = solve_triangular(U[:k-1, :k-1], -U[:k-1, k-1])\n\n    return delta, v\n\n\nclass IterativeSubproblem(BaseQuadraticSubproblem):\n    """Quadratic subproblem solved by nearly exact iterative method.\n\n    Notes\n    -----\n    This subproblem solver was based on [1]_, [2]_ and [3]_,\n    which implement similar algorithms. The algorithm is basically\n    that of [1]_ but ideas from [2]_ and [3]_ were also used.\n\n    References\n    ----------\n    .. [1] A.R. Conn, N.I. Gould, and P.L. Toint, "Trust region methods",\n           Siam, pp. 169-200, 2000.\n    .. [2] J. Nocedal and  S. Wright, "Numerical optimization",\n           Springer Science & Business Media. pp. 83-91, 2006.\n    .. [3] J.J. More and D.C. Sorensen, "Computing a trust region step",\n           SIAM Journal on Scientific and Statistical Computing, vol. 4(3),\n           pp. 553-572, 1983.\n    """\n\n    # UPDATE_COEFF appears in reference [1]_\n    # in formula 7.3.14 (p. 190) named as "theta".\n    # As recommended there it value is fixed in 0.01.\n    UPDATE_COEFF = 0.01\n\n    # The subproblem may iterate infinitely for problematic\n    # cases (see https://github.com/scipy/scipy/issues/12513).\n    # When the `maxiter` setting is None, we need to apply a\n    # default. An ad-hoc number (though tested quite extensively)\n    # is 25, which is set below. To restore the old behavior (which\n    # potentially hangs), this parameter may be changed to zero:\n    MAXITER_DEFAULT = 25  # use np.inf for infinite number of iterations\n\n    EPS = np.finfo(float).eps\n\n    def __init__(self, x, fun, jac, hess, hessp=None,\n                 k_easy=0.1, k_hard=0.2, maxiter=None):\n\n        super().__init__(x, fun, jac, hess)\n\n        # When the trust-region shrinks in two consecutive\n        # calculations (``tr_radius < previous_tr_radius``)\n        # the lower bound ``lambda_lb`` may be reused,\n        # facilitating  the convergence. To indicate no\n        # previous value is known at first ``previous_tr_radius``\n        # is set to -1  and ``lambda_lb`` to None.\n        self.previous_tr_radius = -1\n        self.lambda_lb = None\n\n        self.niter = 0\n\n        # ``k_easy`` and ``k_hard`` are parameters used\n        # to determine the stop criteria to the iterative\n        # subproblem solver. Take a look at pp. 194-197\n        # from reference _[1] for a more detailed description.\n        self.k_easy = k_easy\n        self.k_hard = k_hard\n\n        # ``maxiter`` optionally limits the number of iterations\n        # the solve method may perform. Useful for poorly conditioned\n        # problems which may otherwise hang.\n        self.maxiter = self.MAXITER_DEFAULT if maxiter is None else maxiter\n        if self.maxiter < 0:\n            raise ValueError("maxiter must not be set to a negative number"\n                             ", use np.inf to mean infinite.")\n\n        # Get Lapack function for cholesky decomposition.\n        # The implemented SciPy wrapper does not return\n        # the incomplete factorization needed by the method.\n        self.cholesky, = get_lapack_funcs((\'potrf\',), (self.hess,))\n\n        # Get info about Hessian\n        self.dimension = len(self.hess)\n        self.hess_gershgorin_lb,\\\n            self.hess_gershgorin_ub = gershgorin_bounds(self.hess)\n        self.hess_inf = norm(self.hess, np.inf)\n        self.hess_fro = norm(self.hess, \'fro\')\n\n        # A constant such that for vectors smaller than that\n        # backward substitution is not reliable. It was established\n        # based on Golub, G. H., Van Loan, C. F. (2013).\n        # "Matrix computations". Forth Edition. JHU press., p.165.\n        self.CLOSE_TO_ZERO = self.dimension * self.EPS * self.hess_inf\n\n    def _initial_values(self, tr_radius):\n        """Given a trust radius, return a good initial guess for\n        the damping factor, the lower bound and the upper bound.\n        The values were chosen accordingly to the guidelines on\n        section 7.3.8 (p. 192) from [1]_.\n        """\n\n        # Upper bound for the damping factor\n        lambda_ub = max(0, self.jac_mag/tr_radius + min(-self.hess_gershgorin_lb,\n                                                        self.hess_fro,\n                                                        self.hess_inf))\n\n        # Lower bound for the damping factor\n        lambda_lb = max(0, -min(self.hess.diagonal()),\n                        self.jac_mag/tr_radius - min(self.hess_gershgorin_ub,\n                                                     self.hess_fro,\n                                                     self.hess_inf))\n\n        # Improve bounds with previous info\n        if tr_radius < self.previous_tr_radius:\n            lambda_lb = max(self.lambda_lb, lambda_lb)\n\n        # Initial guess for the damping factor\n        if lambda_lb == 0:\n            lambda_initial = 0\n        else:\n            lambda_initial = max(np.sqrt(lambda_lb * lambda_ub),\n                                 lambda_lb + self.UPDATE_COEFF*(lambda_ub-lambda_lb))\n\n        return lambda_initial, lambda_lb, lambda_ub\n\n    def solve(self, tr_radius):\n        """Solve quadratic subproblem"""\n\n        lambda_current, lambda_lb, lambda_ub = self._initial_values(tr_radius)\n        n = self.dimension\n        hits_boundary = True\n        already_factorized = False\n        self.niter = 0\n\n        while self.niter < self.maxiter:\n\n            # Compute Cholesky factorization\n            if already_factorized:\n                already_factorized = False\n            else:\n                H = self.hess+lambda_current*np.eye(n)\n                U, info = self.cholesky(H, lower=False,\n                                        overwrite_a=False,\n                                        clean=True)\n\n            self.niter += 1\n\n            # Check if factorization succeeded\n            if info == 0 and self.jac_mag > self.CLOSE_TO_ZERO:\n                # Successful factorization\n\n                # Solve `U.T U p = s`\n                p = cho_solve((U, False), -self.jac)\n\n                p_norm = norm(p)\n\n                # Check for interior convergence\n                if p_norm <= tr_radius and lambda_current == 0:\n                    hits_boundary = False\n                    break\n\n                # Solve `U.T w = p`\n                w = solve_triangular(U, p, trans=\'T\')\n\n                w_norm = norm(w)\n\n                # Compute Newton step accordingly to\n                # formula (4.44) p.87 from ref [2]_.\n                delta_lambda = (p_norm/w_norm)**2 * (p_norm-tr_radius)/tr_radius\n                lambda_new = lambda_current + delta_lambda\n\n                if p_norm < tr_radius:  # Inside boundary\n                    s_min, z_min = estimate_smallest_singular_value(U)\n\n                    ta, tb = self.get_boundaries_intersections(p, z_min,\n                                                               tr_radius)\n\n                    # Choose `step_len` with the smallest magnitude.\n                    # The reason for this choice is explained at\n                    # ref [3]_, p. 6 (Immediately before the formula\n                    # for `tau`).\n                    step_len = min([ta, tb], key=abs)\n\n                    # Compute the quadratic term  (p.T*H*p)\n                    quadratic_term = np.dot(p, np.dot(H, p))\n\n                    # Check stop criteria\n                    relative_error = ((step_len**2 * s_min**2)\n                                      / (quadratic_term + lambda_current*tr_radius**2))\n                    if relative_error <= self.k_hard:\n                        p += step_len * z_min\n                        break\n\n                    # Update uncertainty bounds\n                    lambda_ub = lambda_current\n                    lambda_lb = max(lambda_lb, lambda_current - s_min**2)\n\n                    # Compute Cholesky factorization\n                    H = self.hess + lambda_new*np.eye(n)\n                    c, info = self.cholesky(H, lower=False,\n                                            overwrite_a=False,\n                                            clean=True)\n\n                    # Check if the factorization have succeeded\n                    #\n                    if info == 0:  # Successful factorization\n                        # Update damping factor\n                        lambda_current = lambda_new\n                        already_factorized = True\n                    else:  # Unsuccessful factorization\n                        # Update uncertainty bounds\n                        lambda_lb = max(lambda_lb, lambda_new)\n\n                        # Update damping factor\n                        lambda_current = max(\n                            np.sqrt(np.abs(lambda_lb * lambda_ub)),\n                            lambda_lb + self.UPDATE_COEFF*(lambda_ub-lambda_lb)\n                        )\n\n                else:  # Outside boundary\n                    # Check stop criteria\n                    relative_error = abs(p_norm - tr_radius) / tr_radius\n                    if relative_error <= self.k_easy:\n                        break\n\n                    # Update uncertainty bounds\n                    lambda_lb = lambda_current\n\n                    # Update damping factor\n                    lambda_current = lambda_new\n\n            elif info == 0 and self.jac_mag <= self.CLOSE_TO_ZERO:\n                # jac_mag very close to zero\n\n                # Check for interior convergence\n                if lambda_current == 0:\n                    p = np.zeros(n)\n                    hits_boundary = False\n                    break\n\n                s_min, z_min = estimate_smallest_singular_value(U)\n                step_len = tr_radius\n\n                p = step_len * z_min\n                # Check stop criteria\n                if (step_len**2 * s_min**2\n                    <= self.k_hard * lambda_current * tr_radius**2):\n                    break\n\n                # Update uncertainty bounds\n                lambda_ub = lambda_current\n                lambda_lb = max(lambda_lb, lambda_current - s_min**2)\n\n                # Update damping factor\n                lambda_current = max(\n                    np.sqrt(lambda_lb * lambda_ub),\n                    lambda_lb + self.UPDATE_COEFF*(lambda_ub-lambda_lb)\n                )\n\n            else:  # Unsuccessful factorization\n\n                # Compute auxiliary terms\n                delta, v = singular_leading_submatrix(H, U, info)\n                v_norm = norm(v)\n\n                # Update uncertainty interval\n                lambda_lb = max(lambda_lb, lambda_current + delta/v_norm**2)\n\n                # Update damping factor\n                lambda_current = max(\n                    np.sqrt(np.abs(lambda_lb * lambda_ub)),\n                    lambda_lb + self.UPDATE_COEFF*(lambda_ub-lambda_lb)\n                )\n\n        self.lambda_lb = lambda_lb\n        self.lambda_current = lambda_current\n        self.previous_tr_radius = tr_radius\n\n        return p, hits_boundary\n',
            'scipy/optimize/tests/test_trustregion_exact.py': '"""\nUnit tests for trust-region iterative subproblem.\n\n"""\nimport pytest\nimport numpy as np\nfrom scipy.optimize._trustregion_exact import (\n    estimate_smallest_singular_value,\n    singular_leading_submatrix,\n    IterativeSubproblem)\nfrom scipy.linalg import (svd, get_lapack_funcs, det, qr, norm)\nfrom numpy.testing import (assert_array_equal,\n                           assert_equal, assert_array_almost_equal)\n\n\ndef random_entry(n, min_eig, max_eig, case, rng=None):\n    rng = np.random.default_rng(rng)\n\n    # Generate random matrix\n    rand = rng.uniform(low=-1, high=1, size=(n, n))\n\n    # QR decomposition\n    Q, _, _ = qr(rand, pivoting=\'True\')\n\n    # Generate random eigenvalues\n    eigvalues = rng.uniform(low=min_eig, high=max_eig, size=n)\n    eigvalues = np.sort(eigvalues)[::-1]\n\n    # Generate matrix\n    Qaux = np.multiply(eigvalues, Q)\n    A = np.dot(Qaux, Q.T)\n\n    # Generate gradient vector accordingly\n    # to the case is being tested.\n    if case == \'hard\':\n        g = np.zeros(n)\n        g[:-1] = rng.uniform(low=-1, high=1, size=n-1)\n        g = np.dot(Q, g)\n    elif case == \'jac_equal_zero\':\n        g = np.zeros(n)\n    else:\n        g = rng.uniform(low=-1, high=1, size=n)\n\n    return A, g\n\n\nclass TestEstimateSmallestSingularValue:\n\n    def test_for_ill_condiotioned_matrix(self):\n\n        # Ill-conditioned triangular matrix\n        C = np.array([[1, 2, 3, 4],\n                      [0, 0.05, 60, 7],\n                      [0, 0, 0.8, 9],\n                      [0, 0, 0, 10]])\n\n        # Get svd decomposition\n        U, s, Vt = svd(C)\n\n        # Get smallest singular value and correspondent right singular vector.\n        smin_svd = s[-1]\n        zmin_svd = Vt[-1, :]\n\n        # Estimate smallest singular value\n        smin, zmin = estimate_smallest_singular_value(C)\n\n        # Check the estimation\n        assert_array_almost_equal(smin, smin_svd, decimal=8)\n        assert_array_almost_equal(abs(zmin), abs(zmin_svd), decimal=8)\n\n\nclass TestSingularLeadingSubmatrix:\n\n    def test_for_already_singular_leading_submatrix(self):\n\n        # Define test matrix A.\n        # Note that the leading 2x2 submatrix is singular.\n        A = np.array([[1, 2, 3],\n                      [2, 4, 5],\n                      [3, 5, 6]])\n\n        # Get Cholesky from lapack functions\n        cholesky, = get_lapack_funcs((\'potrf\',), (A,))\n\n        # Compute Cholesky Decomposition\n        c, k = cholesky(A, lower=False, overwrite_a=False, clean=True)\n\n        delta, v = singular_leading_submatrix(A, c, k)\n\n        A[k-1, k-1] += delta\n\n        # Check if the leading submatrix is singular.\n        assert_array_almost_equal(det(A[:k, :k]), 0)\n\n        # Check if `v` fulfil the specified properties\n        quadratic_term = np.dot(v, np.dot(A, v))\n        assert_array_almost_equal(quadratic_term, 0)\n\n    def test_for_simetric_indefinite_matrix(self):\n\n        # Define test matrix A.\n        # Note that the leading 5x5 submatrix is indefinite.\n        A = np.asarray([[1, 2, 3, 7, 8],\n                        [2, 5, 5, 9, 0],\n                        [3, 5, 11, 1, 2],\n                        [7, 9, 1, 7, 5],\n                        [8, 0, 2, 5, 8]])\n\n        # Get Cholesky from lapack functions\n        cholesky, = get_lapack_funcs((\'potrf\',), (A,))\n\n        # Compute Cholesky Decomposition\n        c, k = cholesky(A, lower=False, overwrite_a=False, clean=True)\n\n        delta, v = singular_leading_submatrix(A, c, k)\n\n        A[k-1, k-1] += delta\n\n        # Check if the leading submatrix is singular.\n        assert_array_almost_equal(det(A[:k, :k]), 0)\n\n        # Check if `v` fulfil the specified properties\n        quadratic_term = np.dot(v, np.dot(A, v))\n        assert_array_almost_equal(quadratic_term, 0)\n\n    def test_for_first_element_equal_to_zero(self):\n\n        # Define test matrix A.\n        # Note that the leading 2x2 submatrix is singular.\n        A = np.array([[0, 3, 11],\n                      [3, 12, 5],\n                      [11, 5, 6]])\n\n        # Get Cholesky from lapack functions\n        cholesky, = get_lapack_funcs((\'potrf\',), (A,))\n\n        # Compute Cholesky Decomposition\n        c, k = cholesky(A, lower=False, overwrite_a=False, clean=True)\n\n        delta, v = singular_leading_submatrix(A, c, k)\n\n        A[k-1, k-1] += delta\n\n        # Check if the leading submatrix is singular\n        assert_array_almost_equal(det(A[:k, :k]), 0)\n\n        # Check if `v` fulfil the specified properties\n        quadratic_term = np.dot(v, np.dot(A, v))\n        assert_array_almost_equal(quadratic_term, 0)\n\n\nclass TestIterativeSubproblem:\n\n    def test_for_the_easy_case(self):\n\n        # `H` is chosen such that `g` is not orthogonal to the\n        # eigenvector associated with the smallest eigenvalue `s`.\n        H = [[10, 2, 3, 4],\n             [2, 1, 7, 1],\n             [3, 7, 1, 7],\n             [4, 1, 7, 2]]\n        g = [1, 1, 1, 1]\n\n        # Trust Radius\n        trust_radius = 1\n\n        # Solve Subproblem\n        subprob = IterativeSubproblem(x=0,\n                                      fun=lambda x: 0,\n                                      jac=lambda x: np.array(g),\n                                      hess=lambda x: np.array(H),\n                                      k_easy=1e-10,\n                                      k_hard=1e-10)\n        p, hits_boundary = subprob.solve(trust_radius)\n\n        assert_array_almost_equal(p, [0.00393332, -0.55260862,\n                                      0.67065477, -0.49480341])\n        assert_array_almost_equal(hits_boundary, True)\n\n    def test_for_the_hard_case(self):\n\n        # `H` is chosen such that `g` is orthogonal to the\n        # eigenvector associated with the smallest eigenvalue `s`.\n        H = [[10, 2, 3, 4],\n             [2, 1, 7, 1],\n             [3, 7, 1, 7],\n             [4, 1, 7, 2]]\n        g = [6.4852641521327437, 1, 1, 1]\n        s = -8.2151519874416614\n\n        # Trust Radius\n        trust_radius = 1\n\n        # Solve Subproblem\n        subprob = IterativeSubproblem(x=0,\n                                      fun=lambda x: 0,\n                                      jac=lambda x: np.array(g),\n                                      hess=lambda x: np.array(H),\n                                      k_easy=1e-10,\n                                      k_hard=1e-10)\n        p, hits_boundary = subprob.solve(trust_radius)\n\n        assert_array_almost_equal(-s, subprob.lambda_current)\n\n    def test_for_interior_convergence(self):\n\n        H = [[1.812159, 0.82687265, 0.21838879, -0.52487006, 0.25436988],\n             [0.82687265, 2.66380283, 0.31508988, -0.40144163, 0.08811588],\n             [0.21838879, 0.31508988, 2.38020726, -0.3166346, 0.27363867],\n             [-0.52487006, -0.40144163, -0.3166346, 1.61927182, -0.42140166],\n             [0.25436988, 0.08811588, 0.27363867, -0.42140166, 1.33243101]]\n\n        g = [0.75798952, 0.01421945, 0.33847612, 0.83725004, -0.47909534]\n\n        # Solve Subproblem\n        subprob = IterativeSubproblem(x=0,\n                                      fun=lambda x: 0,\n                                      jac=lambda x: np.array(g),\n                                      hess=lambda x: np.array(H))\n        p, hits_boundary = subprob.solve(1.1)\n\n        assert_array_almost_equal(p, [-0.68585435, 0.1222621, -0.22090999,\n                                      -0.67005053, 0.31586769])\n        assert_array_almost_equal(hits_boundary, False)\n        assert_array_almost_equal(subprob.lambda_current, 0)\n        assert_array_almost_equal(subprob.niter, 1)\n\n    def test_for_jac_equal_zero(self):\n\n        H = [[0.88547534, 2.90692271, 0.98440885, -0.78911503, -0.28035809],\n             [2.90692271, -0.04618819, 0.32867263, -0.83737945, 0.17116396],\n             [0.98440885, 0.32867263, -0.87355957, -0.06521957, -1.43030957],\n             [-0.78911503, -0.83737945, -0.06521957, -1.645709, -0.33887298],\n             [-0.28035809, 0.17116396, -1.43030957, -0.33887298, -1.68586978]]\n\n        g = [0, 0, 0, 0, 0]\n\n        # Solve Subproblem\n        subprob = IterativeSubproblem(x=0,\n                                      fun=lambda x: 0,\n                                      jac=lambda x: np.array(g),\n                                      hess=lambda x: np.array(H),\n                                      k_easy=1e-10,\n                                      k_hard=1e-10)\n        p, hits_boundary = subprob.solve(1.1)\n\n        assert_array_almost_equal(p, [0.06910534, -0.01432721,\n                                      -0.65311947, -0.23815972,\n                                      -0.84954934])\n        assert_array_almost_equal(hits_boundary, True)\n\n    def test_for_jac_very_close_to_zero(self):\n\n        H = [[0.88547534, 2.90692271, 0.98440885, -0.78911503, -0.28035809],\n             [2.90692271, -0.04618819, 0.32867263, -0.83737945, 0.17116396],\n             [0.98440885, 0.32867263, -0.87355957, -0.06521957, -1.43030957],\n             [-0.78911503, -0.83737945, -0.06521957, -1.645709, -0.33887298],\n             [-0.28035809, 0.17116396, -1.43030957, -0.33887298, -1.68586978]]\n\n        g = [0, 0, 0, 0, 1e-15]\n\n        # Solve Subproblem\n        subprob = IterativeSubproblem(x=0,\n                                      fun=lambda x: 0,\n                                      jac=lambda x: np.array(g),\n                                      hess=lambda x: np.array(H),\n                                      k_easy=1e-10,\n                                      k_hard=1e-10)\n        p, hits_boundary = subprob.solve(1.1)\n\n        assert_array_almost_equal(p, [0.06910534, -0.01432721,\n                                      -0.65311947, -0.23815972,\n                                      -0.84954934])\n        assert_array_almost_equal(hits_boundary, True)\n\n    @pytest.mark.thread_unsafe(reason="fails in parallel")\n    @pytest.mark.fail_slow(10)\n    def test_for_random_entries(self):\n        rng = np.random.default_rng(1)\n\n        # Dimension\n        n = 5\n\n        for case in (\'easy\', \'hard\', \'jac_equal_zero\'):\n\n            eig_limits = [(-20, -15),\n                          (-10, -5),\n                          (-10, 0),\n                          (-5, 5),\n                          (-10, 10),\n                          (0, 10),\n                          (5, 10),\n                          (15, 20)]\n\n            for min_eig, max_eig in eig_limits:\n                # Generate random symmetric matrix H with\n                # eigenvalues between min_eig and max_eig.\n                H, g = random_entry(n, min_eig, max_eig, case, rng=rng)\n\n                # Trust radius\n                trust_radius_list = [0.1, 0.3, 0.6, 0.8, 1, 1.2, 3.3, 5.5, 10]\n\n                for trust_radius in trust_radius_list:\n                    # Solve subproblem with very high accuracy\n                    subprob_ac = IterativeSubproblem(0,\n                                                     lambda x: 0,\n                                                     lambda x: g,\n                                                     lambda x: H,\n                                                     k_easy=1e-10,\n                                                     k_hard=1e-10)\n\n                    p_ac, hits_boundary_ac = subprob_ac.solve(trust_radius)\n\n                    # Compute objective function value\n                    J_ac = 1/2*np.dot(p_ac, np.dot(H, p_ac))+np.dot(g, p_ac)\n\n                    stop_criteria = [(0.1, 2),\n                                     (0.5, 1.1),\n                                     (0.9, 1.01)]\n\n                    for k_opt, k_trf in stop_criteria:\n\n                        # k_easy and k_hard computed in function\n                        # of k_opt and k_trf accordingly to\n                        # Conn, A. R., Gould, N. I., & Toint, P. L. (2000).\n                        # "Trust region methods". Siam. p. 197.\n                        k_easy = min(k_trf-1,\n                                     1-np.sqrt(k_opt))\n                        k_hard = 1-k_opt\n\n                        # Solve subproblem\n                        subprob = IterativeSubproblem(0,\n                                                      lambda x: 0,\n                                                      lambda x: g,\n                                                      lambda x: H,\n                                                      k_easy=k_easy,\n                                                      k_hard=k_hard)\n                        p, hits_boundary = subprob.solve(trust_radius)\n\n                        # Compute objective function value\n                        J = 1/2*np.dot(p, np.dot(H, p))+np.dot(g, p)\n\n                        # Check if it respect k_trf\n                        if hits_boundary:\n                            assert_array_equal(np.abs(norm(p)-trust_radius) <=\n                                               (k_trf-1)*trust_radius, True)\n                        else:\n                            assert_equal(norm(p) <= trust_radius, True)\n\n                        # Check if it respect k_opt\n                        assert_equal(J <= k_opt*J_ac, True)\n\n\n    def test_for_finite_number_of_iterations(self):\n        """Regression test for gh-12513"""\n        H = np.array(\n            [[3.67335930e01, -2.52334820e02, 1.15477558e01, -1.19933725e-03,\n              -2.06408851e03, -2.05821411e00, -2.52334820e02, -6.52076924e02,\n              -2.71362566e-01, -1.98885126e00, 1.22085415e00, 2.30220713e00,\n              -9.71278532e-02, -5.11210123e-01, -1.00399562e00, 1.43319679e-01,\n              6.03815471e00, -6.38719934e-02, 1.65623929e-01],\n             [-2.52334820e02, 1.76757312e03, -9.92814996e01, 1.06533600e-02,\n              1.44442941e04, 1.43811694e01, 1.76757312e03, 4.56694461e03,\n              2.22263363e00, 1.62977318e01, -7.81539315e00, -1.24938012e01,\n              6.74029088e-01, 3.22802671e00, 5.14978971e00, -9.58561209e-01,\n              -3.92199895e01, 4.47201278e-01, -1.17866744e00],\n             [1.15477558e01, -9.92814996e01, 3.63872363e03, -4.40007197e-01,\n              -9.55435081e02, -1.13985105e00, -9.92814996e01, -2.58307255e02,\n              -5.21335218e01, -3.77485107e02, -6.75338369e01, -1.89457169e02,\n              5.67828623e00, 5.82402681e00, 1.72734354e01, -4.29114840e00,\n              -7.84885258e01, 3.17594634e00, 2.45242852e00],\n             [-1.19933725e-03, 1.06533600e-02, -4.40007197e-01, 5.73576663e-05,\n              1.01563710e-01, 1.18838745e-04, 1.06533600e-02, 2.76535767e-02,\n              6.25788669e-03, 4.50699620e-02, 8.64152333e-03, 2.27772377e-02,\n              -8.51026855e-04, 1.65316383e-04, 1.38977551e-03, 5.51629259e-04,\n              1.38447755e-02, -5.17956723e-04, -1.29260347e-04],\n             [-2.06408851e03, 1.44442941e04, -9.55435081e02, 1.01563710e-01,\n              1.23101825e05, 1.26467259e02, 1.44442941e04, 3.74590279e04,\n              2.18498571e01, 1.60254460e02, -7.52977260e01, -1.17989623e02,\n              6.58253160e00, 3.14949206e01, 4.98527190e01, -9.33338661e00,\n              -3.80465752e02, 4.33872213e00, -1.14768816e01],\n             [-2.05821411e00, 1.43811694e01, -1.13985105e00, 1.18838745e-04,\n              1.26467259e02, 1.46226198e-01, 1.43811694e01, 3.74509252e01,\n              2.76928748e-02, 2.03023837e-01, -8.84279903e-02, -1.29523344e-01,\n              8.06424434e-03, 3.83330661e-02, 5.81579023e-02, -1.12874980e-02,\n              -4.48118297e-01, 5.15022284e-03, -1.41501894e-02],\n             [-2.52334820e02, 1.76757312e03, -9.92814996e01, 1.06533600e-02,\n              1.44442941e04, 1.43811694e01, 1.76757312e03, 4.56694461e03,\n              2.22263363e00, 1.62977318e01, -7.81539315e00, -1.24938012e01,\n              6.74029088e-01, 3.22802671e00, 5.14978971e00, -9.58561209e-01,\n              -3.92199895e01, 4.47201278e-01, -1.17866744e00],\n             [-6.52076924e02, 4.56694461e03, -2.58307255e02, 2.76535767e-02,\n              3.74590279e04, 3.74509252e01, 4.56694461e03, 1.18278398e04,\n              5.82242837e00, 4.26867612e01, -2.03167952e01, -3.22894255e01,\n              1.75705078e00, 8.37153730e00, 1.32246076e01, -2.49238529e00,\n              -1.01316422e02, 1.16165466e00, -3.09390862e00],\n             [-2.71362566e-01, 2.22263363e00, -5.21335218e01, 6.25788669e-03,\n              2.18498571e01, 2.76928748e-02, 2.22263363e00, 5.82242837e00,\n              4.36278066e01, 3.14836583e02, -2.04747938e01, -3.05535101e01,\n              -1.24881456e-01, 1.15775394e01, 4.06907410e01, -1.39317748e00,\n              -3.90902798e01, -9.71716488e-02, 1.06851340e-01],\n             [-1.98885126e00, 1.62977318e01, -3.77485107e02, 4.50699620e-02,\n              1.60254460e02, 2.03023837e-01, 1.62977318e01, 4.26867612e01,\n              3.14836583e02, 2.27255216e03, -1.47029712e02, -2.19649109e02,\n              -8.83963155e-01, 8.28571708e01, 2.91399776e02, -9.97382920e00,\n              -2.81069124e02, -6.94946614e-01, 7.38151960e-01],\n             [1.22085415e00, -7.81539315e00, -6.75338369e01, 8.64152333e-03,\n              -7.52977260e01, -8.84279903e-02, -7.81539315e00, -2.03167952e01,\n              -2.04747938e01, -1.47029712e02, 7.83372613e01, 1.64416651e02,\n              -4.30243758e00, -2.59579610e01, -6.25644064e01, 6.69974667e00,\n              2.31011701e02, -2.68540084e00, 5.44531151e00],\n             [2.30220713e00, -1.24938012e01, -1.89457169e02, 2.27772377e-02,\n              -1.17989623e02, -1.29523344e-01, -1.24938012e01, -3.22894255e01,\n              -3.05535101e01, -2.19649109e02, 1.64416651e02, 3.75893031e02,\n              -7.42084715e00, -4.56437599e01, -1.11071032e02, 1.18761368e01,\n              4.78724142e02, -5.06804139e00, 8.81448081e00],\n             [-9.71278532e-02, 6.74029088e-01, 5.67828623e00, -8.51026855e-04,\n              6.58253160e00, 8.06424434e-03, 6.74029088e-01, 1.75705078e00,\n              -1.24881456e-01, -8.83963155e-01, -4.30243758e00, -7.42084715e00,\n              9.62009425e-01, 1.53836355e00, 2.23939458e00, -8.01872920e-01,\n              -1.92191084e01, 3.77713908e-01, -8.32946970e-01],\n             [-5.11210123e-01, 3.22802671e00, 5.82402681e00, 1.65316383e-04,\n              3.14949206e01, 3.83330661e-02, 3.22802671e00, 8.37153730e00,\n              1.15775394e01, 8.28571708e01, -2.59579610e01, -4.56437599e01,\n              1.53836355e00, 2.63851056e01, 7.34859767e01, -4.39975402e00,\n              -1.12015747e02, 5.11542219e-01, -2.64962727e00],\n             [-1.00399562e00, 5.14978971e00, 1.72734354e01, 1.38977551e-03,\n              4.98527190e01, 5.81579023e-02, 5.14978971e00, 1.32246076e01,\n              4.06907410e01, 2.91399776e02, -6.25644064e01, -1.11071032e02,\n              2.23939458e00, 7.34859767e01, 2.36535458e02, -1.09636675e01,\n              -2.72152068e02, 6.65888059e-01, -6.29295273e00],\n             [1.43319679e-01, -9.58561209e-01, -4.29114840e00, 5.51629259e-04,\n              -9.33338661e00, -1.12874980e-02, -9.58561209e-01, -2.49238529e00,\n              -1.39317748e00, -9.97382920e00, 6.69974667e00, 1.18761368e01,\n              -8.01872920e-01, -4.39975402e00, -1.09636675e01, 1.16820748e00,\n              3.00817252e01, -4.51359819e-01, 9.82625204e-01],\n             [6.03815471e00, -3.92199895e01, -7.84885258e01, 1.38447755e-02,\n              -3.80465752e02, -4.48118297e-01, -3.92199895e01, -1.01316422e02,\n              -3.90902798e01, -2.81069124e02, 2.31011701e02, 4.78724142e02,\n              -1.92191084e01, -1.12015747e02, -2.72152068e02, 3.00817252e01,\n              1.13232557e03, -1.33695932e01, 2.22934659e01],\n             [-6.38719934e-02, 4.47201278e-01, 3.17594634e00, -5.17956723e-04,\n              4.33872213e00, 5.15022284e-03, 4.47201278e-01, 1.16165466e00,\n              -9.71716488e-02, -6.94946614e-01, -2.68540084e00, -5.06804139e00,\n              3.77713908e-01, 5.11542219e-01, 6.65888059e-01, -4.51359819e-01,\n              -1.33695932e01, 4.27994168e-01, -5.09020820e-01],\n             [1.65623929e-01, -1.17866744e00, 2.45242852e00, -1.29260347e-04,\n           